Rosseland and Planck opacities and free electrons 
 Density     Ross opa    Planck opa  No. Free    Av Sq Free  T=  5.0000E-04 
  1.0000E-17  2.2993E-02  4.8939E-02  7.9934E-01  7.9934E-01 
  1.2915E-16  2.2993E-02  4.8939E-02  7.9934E-01  7.9934E-01 
  1.6681E-15  2.2993E-02  4.8939E-02  7.9934E-01  7.9934E-01 
  2.1544E-14  1.6901E-02  1.1135E-01  5.8400E-01  5.8400E-01 
  2.7826E-13  1.4694E-02  3.2671E-01  5.0270E-01  5.0270E-01 
  3.5938E-12  1.3117E-02  2.1192E+00  4.2568E-01  4.2568E-01 
  4.6416E-11  9.3618E-03  6.9033E+00  2.4552E-01  2.4552E-01 
  5.9948E-10  5.9505E-03  1.1174E+01  8.5645E-02  8.5645E-02 
  7.7426E-09  5.1840E-03  1.2694E+01  3.0357E-02  3.0357E-02 
  1.0000E-07  6.8002E-03  1.3598E+01  8.3824E-03  8.3824E-03 
Rosseland and Planck opacities and free electrons 
 Density     Ross opa    Planck opa  No. Free    Av Sq Free  T=  6.0000E-04 
  1.0000E-17  2.8740E-02  4.3774E+02  9.9806E-01  9.9807E-01 
  1.2915E-16  2.8740E-02  4.3774E+02  9.9806E-01  9.9807E-01 
  1.6681E-15  2.8740E-02  4.3774E+02  9.9806E-01  9.9807E-01 
  2.1544E-14  2.8444E-02  4.3854E+02  9.8250E-01  9.8250E-01 
  2.7826E-13  2.5876E-02  4.4462E+02  8.6199E-01  8.6199E-01 
  3.5938E-12  2.0701E-02  4.5570E+02  6.1210E-01  6.1210E-01 
  4.6416E-11  2.1990E-02  4.4272E+02  4.8777E-01  4.8777E-01 
  5.9948E-10  3.9545E-02  3.4581E+02  3.4896E-01  3.4896E-01 
  7.7426E-09  7.1864E-02  1.8764E+02  1.4127E-01  1.4127E-01 
  1.0000E-07  9.8946E-02  1.2585E+02  5.5116E-02  5.5116E-02 
Rosseland and Planck opacities and free electrons 
 Density     Ross opa    Planck opa  No. Free    Av Sq Free  T=  8.0000E-04 
  1.0000E-17  3.1288E-02  6.3248E+00  1.0643E+00  1.1928E+00 
  1.2915E-16  3.1288E-02  6.3248E+00  1.0643E+00  1.1928E+00 
  1.6681E-15  3.1288E-02  6.3248E+00  1.0643E+00  1.1928E+00 
  2.1544E-14  2.9870E-02  6.7543E+00  1.0135E+00  1.0405E+00 
  2.7826E-13  2.9725E-02  6.9135E+00  1.0009E+00  1.0031E+00 
  3.5938E-12  3.1645E-02  7.6269E+00  9.9683E-01  9.9699E-01 
  4.6416E-11  4.7451E-02  1.5752E+01  9.6326E-01  9.6327E-01 
  5.9948E-10  1.2686E-01  7.4567E+01  7.7950E-01  7.7950E-01 
  7.7426E-09  4.3030E-01  3.7429E+02  5.2738E-01  5.2738E-01 
  1.0000E-07  1.8074E+00  1.7602E+03  3.2814E-01  3.2814E-01 
Rosseland and Planck opacities and free electrons 
 Density     Ross opa    Planck opa  No. Free    Av Sq Free  T=  1.0000E-03 
  1.0000E-17  4.5885E-02  1.8528E+02  1.5339E+00  2.6017E+00 
  1.2915E-16  4.5885E-02  1.8528E+02  1.5339E+00  2.6017E+00 
  1.6681E-15  4.5885E-02  1.8528E+02  1.5339E+00  2.6017E+00 
  2.1544E-14  4.4332E-02  1.0484E+03  1.4681E+00  2.4043E+00 
  2.7826E-13  3.9435E-02  6.0753E+03  1.2688E+00  1.8064E+00 
  3.5938E-12  3.4258E-02  1.1678E+04  1.0538E+00  1.1614E+00 
  4.6416E-11  3.8942E-02  1.2972E+04  1.0036E+00  1.0122E+00 
  5.9948E-10  9.0780E-02  1.3084E+04  9.9220E-01  9.9297E-01 
  7.7426E-09  6.0537E-01  1.3189E+04  9.1919E-01  9.1925E-01 
  1.0000E-07  3.9320E+00  1.3666E+04  6.7537E-01  6.7538E-01 
Rosseland and Planck opacities and free electrons 
 Density     Ross opa    Planck opa  No. Free    Av Sq Free  T=  1.2500E-03 
  1.0000E-17  6.3740E-02  2.7626E+04  1.9943E+00  3.9862E+00 
  1.2915E-16  6.3740E-02  2.7626E+04  1.9943E+00  3.9862E+00 
  1.6681E-15  6.3740E-02  2.7626E+04  1.9943E+00  3.9862E+00 
  2.1544E-14  6.2512E-02  2.7944E+04  1.9576E+00  3.8736E+00 
  2.7826E-13  5.6980E-02  3.0056E+04  1.7506E+00  3.2518E+00 
  3.5938E-12  5.3872E-02  3.1356E+04  1.5145E+00  2.5434E+00 
  4.6416E-11  6.4559E-02  2.5939E+04  1.2900E+00  1.8700E+00 
  5.9948E-10  1.0122E-01  1.8808E+04  1.0647E+00  1.1947E+00 
  7.7426E-09  3.9098E-01  1.7005E+04  1.0016E+00  1.0122E+00 
  1.0000E-07  4.0745E+00  1.8180E+04  9.5922E-01  9.6024E-01 
Rosseland and Planck opacities and free electrons 
 Density     Ross opa    Planck opa  No. Free    Av Sq Free  T=  1.5000E-03 
  1.0000E-17  8.7482E-02  8.9596E+04  2.3088E+00  5.5443E+00 
  1.2915E-16  8.7482E-02  8.9596E+04  2.3088E+00  5.5443E+00 
  1.6681E-15  8.7482E-02  8.9596E+04  2.3088E+00  5.5443E+00 
  2.1544E-14  8.1085E-02  9.0429E+04  2.1355E+00  4.6784E+00 
  2.7826E-13  7.4071E-02  9.0963E+04  2.0078E+00  4.0502E+00 
  3.5938E-12  7.5347E-02  9.0395E+04  1.9396E+00  3.8214E+00 
  4.6416E-11  9.3913E-02  8.6470E+04  1.6852E+00  3.0557E+00 
  5.9948E-10  2.4157E-01  6.9785E+04  1.4285E+00  2.2856E+00 
  7.7426E-09  8.9864E-01  2.7270E+04  1.1436E+00  1.4317E+00 
  1.0000E-07  4.2428E+00  7.4314E+03  1.0117E+00  1.0455E+00 
Rosseland and Planck opacities and free electrons 
 Density     Ross opa    Planck opa  No. Free    Av Sq Free  T=  2.0000E-03 
  1.0000E-17  1.0985E-01  3.6494E+05  3.0275E+00  9.2385E+00 
  1.2915E-16  1.0985E-01  3.6494E+05  3.0275E+00  9.2385E+00 
  1.6681E-15  1.0985E-01  3.6494E+05  3.0275E+00  9.2385E+00 
  2.1544E-14  1.0983E-01  3.9150E+05  2.9274E+00  8.6668E+00 
  2.7826E-13  1.0781E-01  3.9454E+05  2.6347E+00  7.1759E+00 
  3.5938E-12  1.1714E-01  3.4363E+05  2.4384E+00  6.1927E+00 
  4.6416E-11  1.4091E-01  1.6214E+05  2.1575E+00  4.7927E+00 
  5.9948E-10  3.4375E-01  6.6249E+04  1.9904E+00  4.0131E+00 
  7.7426E-09  2.3931E+00  5.2565E+04  1.7810E+00  3.3467E+00 
  1.0000E-07  1.9259E+01  4.6599E+04  1.4249E+00  2.2757E+00 
Rosseland and Planck opacities and free electrons 
 Density     Ross opa    Planck opa  No. Free    Av Sq Free  T=  2.5000E-03 
  1.0000E-17  1.2505E-01  7.2638E+03  3.5574E+00  1.2902E+01 
  1.2915E-16  1.2505E-01  7.2638E+03  3.5574E+00  1.2902E+01 
  1.6681E-15  1.2505E-01  7.2638E+03  3.5574E+00  1.2902E+01 
  2.1544E-14  1.2459E-01  7.7677E+03  3.4949E+00  1.2465E+01 
  2.7826E-13  1.2627E-01  8.0133E+03  3.2978E+00  1.1095E+01 
  3.5938E-12  1.3323E-01  7.7773E+03  3.0104E+00  9.1791E+00 
  4.6416E-11  1.6654E-01  6.2941E+03  2.7167E+00  7.5960E+00 
  5.9948E-10  3.8283E-01  5.2123E+03  2.4286E+00  6.1460E+00 
  7.7426E-09  2.0652E+00  6.2166E+03  2.1301E+00  4.6741E+00 
  1.0000E-07  1.9738E+01  1.4989E+04  1.9012E+00  3.7325E+00 
Rosseland and Planck opacities and free electrons 
 Density     Ross opa    Planck opa  No. Free    Av Sq Free  T=  3.0000E-03 
  1.0000E-17  1.4665E-01  6.1846E+03  3.9853E+00  1.5900E+01 
  1.2915E-16  1.4665E-01  6.1846E+03  3.9853E+00  1.5900E+01 
  1.6681E-15  1.4665E-01  6.1846E+03  3.9853E+00  1.5900E+01 
  2.1544E-14  1.4770E-01  6.2322E+03  3.9511E+00  1.5658E+01 
  2.7826E-13  1.4687E-01  7.1519E+03  3.7231E+00  1.4062E+01 
  3.5938E-12  1.4958E-01  8.1721E+03  3.4853E+00  1.2400E+01 
  4.6416E-11  1.8980E-01  1.0114E+04  3.2272E+00  1.0623E+01 
  5.9948E-10  4.2040E-01  2.2573E+04  2.8922E+00  8.5321E+00 
  7.7426E-09  2.2211E+00  4.9872E+04  2.5493E+00  6.7558E+00 
  1.0000E-07  1.8747E+01  7.0415E+04  2.1871E+00  4.9628E+00 
Rosseland and Planck opacities and free electrons 
 Density     Ross opa    Planck opa  No. Free    Av Sq Free  T=  3.5000E-03 
  1.0000E-17  1.5616E-01  3.2309E+04  4.1655E+00  1.7490E+01 
  1.2915E-16  1.5616E-01  3.2309E+04  4.1655E+00  1.7490E+01 
  1.6681E-15  1.5616E-01  3.2309E+04  4.1655E+00  1.7490E+01 
  2.1544E-14  1.5547E-01  2.2622E+04  4.0757E+00  1.6683E+01 
  2.7826E-13  1.5705E-01  1.5456E+04  3.9965E+00  1.5993E+01 
  3.5938E-12  1.6887E-01  1.6631E+04  3.8817E+00  1.5173E+01 
  4.6416E-11  2.0812E-01  2.1768E+04  3.5969E+00  1.3180E+01 
  5.9948E-10  4.6711E-01  2.4393E+04  3.3072E+00  1.1175E+01 
  7.7426E-09  2.4565E+00  2.5343E+04  2.9559E+00  8.9258E+00 
  1.0000E-07  2.1065E+01  4.4254E+04  2.5505E+00  6.7689E+00 
Rosseland and Planck opacities and free electrons 
 Density     Ross opa    Planck opa  No. Free    Av Sq Free  T=  4.0000E-03 
  1.0000E-17  1.4347E-01  1.8774E+02  4.4857E+00  2.0382E+01 
  1.2915E-16  1.4347E-01  1.8774E+02  4.4857E+00  2.0382E+01 
  1.6681E-15  1.4347E-01  1.8774E+02  4.4857E+00  2.0382E+01 
  2.1544E-14  1.4720E-01  4.3353E+02  4.4561E+00  2.0110E+01 
  2.7826E-13  1.5805E-01  2.4683E+03  4.2372E+00  1.8136E+01 
  3.5938E-12  1.6632E-01  4.9717E+03  4.0257E+00  1.6245E+01 
  4.6416E-11  2.1357E-01  1.1680E+04  3.9257E+00  1.5485E+01 
  5.9948E-10  4.6796E-01  3.7605E+04  3.6319E+00  1.3426E+01 
  7.7426E-09  2.4818E+00  5.9157E+04  3.3097E+00  1.1204E+01 
  1.0000E-07  2.1357E+01  7.9561E+04  2.9023E+00  8.6414E+00 
Rosseland and Planck opacities and free electrons 
 Density     Ross opa    Planck opa  No. Free    Av Sq Free  T=  5.0000E-03 
  1.0000E-17  1.4374E-01  1.1121E+00  4.9563E+00  2.5520E+01 
  1.2915E-16  1.4374E-01  1.1121E+00  4.9563E+00  2.5520E+01 
  1.6681E-15  1.4374E-01  1.1121E+00  4.9563E+00  2.5520E+01 
  2.1544E-14  1.4347E-01  2.2166E+00  4.9232E+00  2.5155E+01 
  2.7826E-13  1.4074E-01  2.9814E+01  4.6591E+00  2.2254E+01 
  3.5938E-12  1.4751E-01  3.6819E+02  4.4948E+00  2.0494E+01 
  4.6416E-11  1.8161E-01  2.7932E+03  4.3052E+00  1.8750E+01 
  5.9948E-10  3.5607E-01  6.8543E+03  4.0485E+00  1.6465E+01 
  7.7426E-09  1.8978E+00  1.3768E+04  3.8630E+00  1.5050E+01 
  1.0000E-07  1.7477E+01  3.1011E+04  3.4882E+00  1.2437E+01 
Rosseland and Planck opacities and free electrons 
 Density     Ross opa    Planck opa  No. Free    Av Sq Free  T=  6.0000E-03 
  1.0000E-17  1.4338E-01  1.4127E+01  4.9995E+00  2.5994E+01 
  1.2915E-16  1.4338E-01  1.4127E+01  4.9995E+00  2.5994E+01 
  1.6681E-15  1.4338E-01  1.4127E+01  4.9995E+00  2.5994E+01 
  2.1544E-14  1.4355E-01  2.1389E+01  4.9992E+00  2.5991E+01 
  2.7826E-13  1.4454E-01  2.7070E+02  4.9900E+00  2.5890E+01 
  3.5938E-12  1.4710E-01  2.6662E+03  4.9016E+00  2.4917E+01 
  4.6416E-11  1.5919E-01  1.0187E+04  4.6142E+00  2.1767E+01 
  5.9948E-10  2.6187E-01  1.1469E+04  4.4368E+00  1.9959E+01 
  7.7426E-09  1.1793E+00  5.8618E+03  4.1415E+00  1.7291E+01 
  1.0000E-07  1.1388E+01  6.4756E+03  3.9112E+00  1.5415E+01 
Rosseland and Planck opacities and free electrons 
 Density     Ross opa    Planck opa  No. Free    Av Sq Free  T=  7.0000E-03 
  1.0000E-17  1.4322E-01  1.1835E+00  5.0000E+00  2.6000E+01 
  1.2915E-16  1.4322E-01  1.1835E+00  5.0000E+00  2.6000E+01 
  1.6681E-15  1.4322E-01  1.1835E+00  5.0000E+00  2.6000E+01 
  2.1544E-14  1.4325E-01  1.4236E+00  5.0000E+00  2.6000E+01 
  2.7826E-13  1.4377E-01  1.8372E+01  4.9997E+00  2.5996E+01 
  3.5938E-12  1.4593E-01  2.3471E+02  4.9958E+00  2.5954E+01 
  4.6416E-11  1.5768E-01  2.7148E+03  4.9516E+00  2.5468E+01 
  5.9948E-10  2.2232E-01  1.5059E+04  4.7253E+00  2.2985E+01 
  7.7426E-09  7.8652E-01  2.3370E+04  4.4659E+00  2.0253E+01 
  1.0000E-07  7.3869E+00  1.3317E+04  4.1764E+00  1.7617E+01 
Rosseland and Planck opacities and free electrons 
 Density     Ross opa    Planck opa  No. Free    Av Sq Free  T=  8.0000E-03 
  1.0000E-17  1.4314E-01  3.2313E-03  5.0000E+00  2.6000E+01 
  1.2915E-16  1.4314E-01  3.2313E-03  5.0000E+00  2.6000E+01 
  1.6681E-15  1.4314E-01  3.2313E-03  5.0000E+00  2.6000E+01 
  2.1544E-14  1.4314E-01  3.2313E-03  5.0000E+00  2.6000E+01 
  2.7826E-13  1.4348E-01  4.1360E-02  5.0000E+00  2.6000E+01 
  3.5938E-12  1.4483E-01  5.3401E-01  4.9997E+00  2.5997E+01 
  4.6416E-11  1.5254E-01  6.8431E+00  4.9960E+00  2.5956E+01 
  5.9948E-10  2.0333E-01  8.0778E+01  4.9536E+00  2.5490E+01 
  7.7426E-09  6.1076E-01  6.0247E+02  4.7257E+00  2.2995E+01 
  1.0000E-07  5.1960E+00  3.1855E+03  4.4369E+00  1.9993E+01 
Rosseland and Planck opacities and free electrons 
 Density     Ross opa    Planck opa  No. Free    Av Sq Free  T=  9.0000E-03 
  1.0000E-17  1.4315E-01  1.5099E-03  5.0000E+00  2.6000E+01 
  1.2915E-16  1.4315E-01  1.5099E-03  5.0000E+00  2.6000E+01 
  1.6681E-15  1.4315E-01  1.5099E-03  5.0000E+00  2.6000E+01 
  2.1544E-14  1.4315E-01  1.5099E-03  5.0000E+00  2.6000E+01 
  2.7826E-13  1.4332E-01  1.6238E-02  5.0000E+00  2.6000E+01 
  3.5938E-12  1.4419E-01  2.1001E-01  5.0000E+00  2.6000E+01 
  4.6416E-11  1.4876E-01  2.7084E+00  4.9995E+00  2.5994E+01 
  5.9948E-10  1.8397E-01  3.4515E+01  4.9932E+00  2.5925E+01 
  7.7426E-09  4.6022E-01  3.7722E+02  4.9271E+00  2.5199E+01 
  1.0000E-07  3.8014E+00  2.1745E+03  4.6438E+00  2.2117E+01 
Rosseland and Planck opacities and free electrons 
 Density     Ross opa    Planck opa  No. Free    Av Sq Free  T=  1.0000E-02 
  1.0000E-17  1.4316E-01  1.8003E-03  5.0003E+00  2.6002E+01 
  1.2915E-16  1.4316E-01  1.8003E-03  5.0003E+00  2.6002E+01 
  1.6681E-15  1.4316E-01  1.8003E-03  5.0003E+00  2.6002E+01 
  2.1544E-14  1.4316E-01  1.8003E-03  5.0003E+00  2.6002E+01 
  2.7826E-13  1.4331E-01  1.6449E-02  5.0000E+00  2.6000E+01 
  3.5938E-12  1.4408E-01  2.1245E-01  5.0000E+00  2.6000E+01 
  4.6416E-11  1.4718E-01  2.7427E+00  4.9999E+00  2.5999E+01 
  5.9948E-10  1.6991E-01  3.5296E+01  4.9986E+00  2.5985E+01 
  7.7426E-09  3.6663E-01  4.3605E+02  4.9833E+00  2.5817E+01 
  1.0000E-07  2.6492E+00  4.0123E+03  4.8465E+00  2.4318E+01 
Rosseland and Planck opacities and free electrons 
 Density     Ross opa    Planck opa  No. Free    Av Sq Free  T=  1.2500E-02 
  1.0000E-17  1.5138E-01  6.3097E-04  5.2911E+00  2.8620E+01 
  1.2915E-16  1.5138E-01  6.3097E-04  5.2911E+00  2.8620E+01 
  1.6681E-15  1.5138E-01  6.3097E-04  5.2911E+00  2.8620E+01 
  2.1544E-14  1.5138E-01  6.3097E-04  5.2911E+00  2.8620E+01 
  2.7826E-13  1.4587E-01  2.2137E-03  5.0941E+00  2.6847E+01 
  3.5938E-12  1.4378E-01  1.4344E-02  5.0100E+00  2.6090E+01 
  4.6416E-11  1.4567E-01  1.6738E-01  5.0006E+00  2.6006E+01 
  5.9948E-10  1.5624E-01  2.1413E+00  5.0000E+00  2.6000E+01 
  7.7426E-09  2.3838E-01  2.7527E+01  4.9990E+00  2.5990E+01 
  1.0000E-07  1.1663E+00  3.4389E+02  4.9885E+00  2.5875E+01 
Rosseland and Planck opacities and free electrons 
 Density     Ross opa    Planck opa  No. Free    Av Sq Free  T=  1.5000E-02 
  1.0000E-17  1.5851E-01  1.2668E-02  5.5411E+00  3.0956E+01 
  1.2915E-16  1.5851E-01  1.2668E-02  5.5411E+00  3.0956E+01 
  1.6681E-15  1.5851E-01  1.2668E-02  5.5411E+00  3.0956E+01 
  2.1544E-14  1.5851E-01  1.2668E-02  5.5411E+00  3.0956E+01 
  2.7826E-13  1.5741E-01  6.5733E-02  5.5004E+00  3.0525E+01 
  3.5938E-12  1.5482E-01  6.4901E-01  5.3993E+00  2.9595E+01 
  4.6416E-11  1.4842E-01  2.3420E+00  5.1320E+00  2.7188E+01 
  5.9948E-10  1.5275E-01  2.6278E+00  5.0137E+00  2.6123E+01 
  7.7426E-09  1.9645E-01  3.1863E+00  5.0009E+00  2.6008E+01 
  1.0000E-07  6.2027E-01  3.1245E+01  4.9983E+00  2.5981E+01 
Rosseland and Planck opacities and free electrons 
 Density     Ross opa    Planck opa  No. Free    Av Sq Free  T=  2.0000E-02 
  1.0000E-17  1.7163E-01  3.4332E-03  6.0010E+00  3.6017E+01 
  1.2915E-16  1.7163E-01  3.4332E-03  6.0010E+00  3.6017E+01 
  1.6681E-15  1.7163E-01  3.4332E-03  6.0010E+00  3.6017E+01 
  2.1544E-14  1.7163E-01  3.4332E-03  6.0010E+00  3.6017E+01 
  2.7826E-13  1.7148E-01  8.6371E-03  5.9951E+00  3.5947E+01 
  3.5938E-12  1.6991E-01  8.2243E-02  5.9358E+00  3.5294E+01 
  4.6416E-11  1.6353E-01  4.9104E-01  5.6919E+00  3.2613E+01 
  5.9948E-10  1.6165E-01  2.1848E+00  5.5021E+00  3.0562E+01 
  7.7426E-09  1.8431E-01  6.0456E+00  5.3378E+00  2.9043E+01 
  1.0000E-07  3.4924E-01  9.0974E+00  5.0678E+00  2.6610E+01 
Rosseland and Planck opacities and free electrons 
 Density     Ross opa    Planck opa  No. Free    Av Sq Free  T=  2.5000E-02 
  1.0000E-17  1.8449E-01  5.7392E-03  6.4514E+00  4.1878E+01 
  1.2915E-16  1.8449E-01  5.7392E-03  6.4514E+00  4.1878E+01 
  1.6681E-15  1.8449E-01  5.7392E-03  6.4514E+00  4.1878E+01 
  2.1544E-14  1.8449E-01  5.7392E-03  6.4514E+00  4.1878E+01 
  2.7826E-13  1.8226E-01  1.3141E-02  6.3733E+00  4.0856E+01 
  3.5938E-12  1.7475E-01  4.2332E-02  6.1085E+00  3.7411E+01 
  4.6416E-11  1.7204E-01  1.0268E-01  6.0045E+00  3.6068E+01 
  5.9948E-10  1.7207E-01  6.6967E-01  5.9436E+00  3.5382E+01 
  7.7426E-09  1.7822E-01  3.9789E+00  5.6968E+00  3.2670E+01 
  1.0000E-07  2.8532E-01  1.6742E+01  5.4837E+00  3.0406E+01 
Rosseland and Planck opacities and free electrons 
 Density     Ross opa    Planck opa  No. Free    Av Sq Free  T=  3.0000E-02 
  1.0000E-17  1.9698E-01  8.4649E-04  6.8890E+00  4.8335E+01 
  1.2915E-16  1.9698E-01  8.4649E-04  6.8890E+00  4.8335E+01 
  1.6681E-15  1.9698E-01  8.4649E-04  6.8890E+00  4.8335E+01 
  2.1544E-14  1.9698E-01  8.4649E-04  6.8890E+00  4.8335E+01 
  2.7826E-13  1.9451E-01  2.0712E-03  6.8024E+00  4.7037E+01 
  3.5938E-12  1.8737E-01  2.6317E-02  6.5499E+00  4.3271E+01 
  4.6416E-11  1.8292E-01  2.5960E-01  6.3836E+00  4.0995E+01 
  5.9948E-10  1.7630E-01  9.0567E-01  6.1130E+00  3.7474E+01 
  7.7426E-09  1.7959E-01  2.3665E+00  5.9863E+00  3.5869E+01 
  1.0000E-07  2.3665E-01  1.6066E+01  5.8182E+00  3.4005E+01 
Rosseland and Planck opacities and free electrons 
 Density     Ross opa    Planck opa  No. Free    Av Sq Free  T=  4.0000E-02 
  1.0000E-17  2.0010E-01  4.8911E-04  6.9999E+00  4.9999E+01 
  1.2915E-16  2.0010E-01  4.8911E-04  6.9999E+00  4.9999E+01 
  1.6681E-15  2.0010E-01  4.8911E-04  6.9999E+00  4.9999E+01 
  2.1544E-14  2.0010E-01  4.8911E-04  6.9999E+00  4.9999E+01 
  2.7826E-13  2.0010E-01  7.7952E-04  6.9998E+00  4.9998E+01 
  3.5938E-12  2.0010E-01  1.0154E-02  6.9980E+00  4.9969E+01 
  4.6416E-11  1.9968E-01  1.2666E-01  6.9752E+00  4.9628E+01 
  5.9948E-10  1.9592E-01  1.2644E+00  6.8032E+00  4.7050E+01 
  7.7426E-09  1.9191E-01  8.9350E+00  6.5305E+00  4.3021E+01 
  1.0000E-07  2.0966E-01  3.3634E+01  6.2658E+00  3.9469E+01 
Rosseland and Planck opacities and free electrons 
 Density     Ross opa    Planck opa  No. Free    Av Sq Free  T=  5.0000E-02 
  1.0000E-17  2.0007E-01  4.3136E-05  7.0000E+00  5.0000E+01 
  1.2915E-16  2.0007E-01  4.3136E-05  7.0000E+00  5.0000E+01 
  1.6681E-15  2.0007E-01  4.3136E-05  7.0000E+00  5.0000E+01 
  2.1544E-14  2.0007E-01  4.3136E-05  7.0000E+00  5.0000E+01 
  2.7826E-13  2.0007E-01  4.9135E-05  7.0000E+00  5.0000E+01 
  3.5938E-12  2.0008E-01  6.3526E-04  7.0000E+00  5.0000E+01 
  4.6416E-11  2.0022E-01  8.4182E-03  6.9998E+00  4.9996E+01 
  5.9948E-10  2.0074E-01  1.0834E-01  6.9969E+00  4.9953E+01 
  7.7426E-09  2.0374E-01  1.3361E+00  6.9633E+00  4.9449E+01 
  1.0000E-07  2.1575E-01  1.1799E+01  6.7483E+00  4.6234E+01 
Rosseland and Planck opacities and free electrons 
 Density     Ross opa    Planck opa  No. Free    Av Sq Free  T=  6.0000E-02 
  1.0000E-17  2.0001E-01  8.7243E-06  7.0000E+00  5.0000E+01 
  1.2915E-16  2.0001E-01  8.7243E-06  7.0000E+00  5.0000E+01 
  1.6681E-15  2.0001E-01  8.7243E-06  7.0000E+00  5.0000E+01 
  2.1544E-14  2.0001E-01  8.7243E-06  7.0000E+00  5.0000E+01 
  2.7826E-13  2.0001E-01  8.7243E-06  7.0000E+00  5.0000E+01 
  3.5938E-12  2.0002E-01  9.8414E-05  7.0000E+00  5.0000E+01 
  4.6416E-11  2.0008E-01  1.2814E-03  7.0000E+00  5.0000E+01 
  5.9948E-10  2.0059E-01  1.7286E-02  6.9999E+00  4.9998E+01 
  7.7426E-09  2.0275E-01  2.2282E-01  6.9983E+00  4.9975E+01 
  1.0000E-07  2.1793E-01  2.7970E+00  6.9792E+00  4.9688E+01 
Rosseland and Planck opacities and free electrons 
 Density     Ross opa    Planck opa  No. Free    Av Sq Free  T=  7.0000E-02 
  1.0000E-17  1.9994E-01  4.3751E-09  7.0000E+00  5.0000E+01 
  1.2915E-16  1.9994E-01  4.3751E-09  7.0000E+00  5.0000E+01 
  1.6681E-15  1.9994E-01  4.3751E-09  7.0000E+00  5.0000E+01 
  2.1544E-14  1.9994E-01  4.3751E-09  7.0000E+00  5.0000E+01 
  2.7826E-13  1.9994E-01  4.3751E-09  7.0000E+00  5.0000E+01 
  3.5938E-12  1.9996E-01  2.6578E-05  7.0000E+00  5.0000E+01 
  4.6416E-11  2.0001E-01  3.4499E-04  7.0000E+00  5.0000E+01 
  5.9948E-10  2.0034E-01  4.5809E-03  7.0000E+00  5.0000E+01 
  7.7426E-09  2.0213E-01  6.1100E-02  6.9998E+00  4.9997E+01 
  1.0000E-07  2.1212E-01  7.8535E-01  6.9978E+00  4.9967E+01 
Rosseland and Planck opacities and free electrons 
 Density     Ross opa    Planck opa  No. Free    Av Sq Free  T=  8.0000E-02 
  1.0000E-17  1.9989E-01  3.3715E-09  7.0000E+00  5.0000E+01 
  1.2915E-16  1.9989E-01  3.3715E-09  7.0000E+00  5.0000E+01 
  1.6681E-15  1.9989E-01  3.3715E-09  7.0000E+00  5.0000E+01 
  2.1544E-14  1.9989E-01  3.3715E-09  7.0000E+00  5.0000E+01 
  2.7826E-13  1.9989E-01  3.3715E-09  7.0000E+00  5.0000E+01 
  3.5938E-12  1.9989E-01  2.4514E-08  7.0000E+00  5.0000E+01 
  4.6416E-11  1.9996E-01  1.1685E-04  7.0000E+00  5.0000E+01 
  5.9948E-10  2.0014E-01  1.5150E-03  7.0000E+00  5.0000E+01 
  7.7426E-09  2.0182E-01  2.0939E-02  7.0000E+00  4.9999E+01 
  1.0000E-07  2.0923E-01  2.7018E-01  6.9996E+00  4.9994E+01 
Rosseland and Planck opacities and free electrons 
 Density     Ross opa    Planck opa  No. Free    Av Sq Free  T=  9.0000E-02 
  1.0000E-17  1.9984E-01  2.6793E-09  7.0000E+00  5.0000E+01 
  1.2915E-16  1.9984E-01  2.6793E-09  7.0000E+00  5.0000E+01 
  1.6681E-15  1.9984E-01  2.6793E-09  7.0000E+00  5.0000E+01 
  2.1544E-14  1.9984E-01  2.6793E-09  7.0000E+00  5.0000E+01 
  2.7826E-13  1.9984E-01  2.6793E-09  7.0000E+00  5.0000E+01 
  3.5938E-12  1.9984E-01  1.6326E-08  7.0000E+00  5.0000E+01 
  4.6416E-11  1.9987E-01  2.2650E-05  7.0000E+00  5.0000E+01 
  5.9948E-10  2.0004E-01  6.0248E-04  7.0000E+00  5.0000E+01 
  7.7426E-09  2.0120E-01  8.3910E-03  7.0000E+00  5.0000E+01 
  1.0000E-07  2.0801E-01  1.0837E-01  6.9999E+00  4.9998E+01 
Rosseland and Planck opacities and free electrons 
 Density     Ross opa    Planck opa  No. Free    Av Sq Free  T=  1.0000E-01 
  1.0000E-17  1.9980E-01  2.1818E-09  7.0000E+00  5.0000E+01 
  1.2915E-16  1.9980E-01  2.1818E-09  7.0000E+00  5.0000E+01 
  1.6681E-15  1.9980E-01  2.1818E-09  7.0000E+00  5.0000E+01 
  2.1544E-14  1.9980E-01  2.1818E-09  7.0000E+00  5.0000E+01 
  2.7826E-13  1.9980E-01  2.1818E-09  7.0000E+00  5.0000E+01 
  3.5938E-12  1.9980E-01  1.1351E-08  7.0000E+00  5.0000E+01 
  4.6416E-11  1.9980E-01  1.4661E-07  7.0000E+00  5.0000E+01 
  5.9948E-10  1.9996E-01  2.7731E-04  7.0000E+00  5.0000E+01 
  7.7426E-09  2.0065E-01  3.7221E-03  7.0000E+00  5.0000E+01 
  1.0000E-07  2.0641E-01  5.0313E-02  6.9999E+00  4.9999E+01 
Rosseland and Planck opacities and free electrons 
 Density     Ross opa    Planck opa  No. Free    Av Sq Free  T=  1.2500E-01 
  1.0000E-17  1.9963E-01  1.4122E-09  7.0000E+00  5.0000E+01 
  1.2915E-16  1.9963E-01  1.4122E-09  7.0000E+00  5.0000E+01 
  1.6681E-15  1.9963E-01  1.4122E-09  7.0000E+00  5.0000E+01 
  2.1544E-14  1.9963E-01  1.4122E-09  7.0000E+00  5.0000E+01 
  2.7826E-13  1.9963E-01  1.4122E-09  7.0000E+00  5.0000E+01 
  3.5938E-12  1.9963E-01  5.2575E-09  7.0000E+00  5.0000E+01 
  4.6416E-11  1.9963E-01  6.7902E-08  7.0000E+00  5.0000E+01 
  5.9948E-10  1.9963E-01  8.7699E-07  7.0000E+00  5.0000E+01 
  7.7426E-09  1.9998E-01  7.5879E-04  7.0000E+00  5.0000E+01 
  1.0000E-07  2.0249E-01  1.0831E-02  7.0000E+00  5.0000E+01 
Rosseland and Planck opacities and free electrons 
 Density     Ross opa    Planck opa  No. Free    Av Sq Free  T=  1.5000E-01 
  1.0000E-17  1.9949E-01  9.8991E-10  7.0000E+00  5.0000E+01 
  1.2915E-16  1.9949E-01  9.8991E-10  7.0000E+00  5.0000E+01 
  1.6681E-15  1.9949E-01  9.8991E-10  7.0000E+00  5.0000E+01 
  2.1544E-14  1.9949E-01  9.8991E-10  7.0000E+00  5.0000E+01 
  2.7826E-13  1.9949E-01  9.8991E-10  7.0000E+00  5.0000E+01 
  3.5938E-12  1.9949E-01  2.8034E-09  7.0000E+00  5.0000E+01 
  4.6416E-11  1.9949E-01  3.6207E-08  7.0000E+00  5.0000E+01 
  5.9948E-10  1.9949E-01  4.6763E-07  7.0000E+00  5.0000E+01 
  7.7426E-09  1.9963E-01  1.9383E-04  7.0000E+00  5.0000E+01 
  1.0000E-07  2.0080E-01  3.4495E-03  7.0000E+00  5.0000E+01 
Rosseland and Planck opacities and free electrons 
 Density     Ross opa    Planck opa  No. Free    Av Sq Free  T=  1.7500E-01 
  1.0000E-17  1.9938E-01  7.3275E-10  7.0000E+00  5.0000E+01 
  1.2915E-16  1.9938E-01  7.3275E-10  7.0000E+00  5.0000E+01 
  1.6681E-15  1.9938E-01  7.3275E-10  7.0000E+00  5.0000E+01 
  2.1544E-14  1.9938E-01  7.3275E-10  7.0000E+00  5.0000E+01 
  2.7826E-13  1.9938E-01  7.3275E-10  7.0000E+00  5.0000E+01 
  3.5938E-12  1.9938E-01  1.6467E-09  7.0000E+00  5.0000E+01 
  4.6416E-11  1.9938E-01  2.1268E-08  7.0000E+00  5.0000E+01 
  5.9948E-10  1.9938E-01  2.7469E-07  7.0000E+00  5.0000E+01 
  7.7426E-09  1.9938E-01  3.5477E-06  7.0000E+00  5.0000E+01 
  1.0000E-07  1.9993E-01  1.1949E-03  7.0000E+00  5.0000E+01 
Rosseland and Planck opacities and free electrons 
 Density     Ross opa    Planck opa  No. Free    Av Sq Free  T=  2.0000E-01 
  1.0000E-17  1.9927E-01  5.6458E-10  7.0000E+00  5.0000E+01 
  1.2915E-16  1.9927E-01  5.6458E-10  7.0000E+00  5.0000E+01 
  1.6681E-15  1.9927E-01  5.6458E-10  7.0000E+00  5.0000E+01 
  2.1544E-14  1.9927E-01  5.6458E-10  7.0000E+00  5.0000E+01 
  2.7826E-13  1.9927E-01  5.6458E-10  7.0000E+00  5.0000E+01 
  3.5938E-12  1.9927E-01  1.0385E-09  7.0000E+00  5.0000E+01 
  4.6416E-11  1.9927E-01  1.3413E-08  7.0000E+00  5.0000E+01 
  5.9948E-10  1.9928E-01  1.7323E-07  7.0000E+00  5.0000E+01 
  7.7426E-09  1.9928E-01  2.2373E-06  7.0000E+00  5.0000E+01 
  1.0000E-07  1.9957E-01  5.3583E-04  7.0000E+00  5.0000E+01 
Rosseland and Planck opacities and free electrons 
 Density     Ross opa    Planck opa  No. Free    Av Sq Free  T=  2.2500E-01 
  1.0000E-17  1.9907E-01  4.4856E-10  7.0000E+00  5.0000E+01 
  1.2915E-16  1.9907E-01  4.4856E-10  7.0000E+00  5.0000E+01 
  1.6681E-15  1.9907E-01  4.4856E-10  7.0000E+00  5.0000E+01 
  2.1544E-14  1.9907E-01  4.4856E-10  7.0000E+00  5.0000E+01 
  2.7826E-13  1.9907E-01  4.4856E-10  7.0000E+00  5.0000E+01 
  3.5938E-12  1.9907E-01  6.9148E-10  7.0000E+00  5.0000E+01 
  4.6416E-11  1.9907E-01  8.9308E-09  7.0000E+00  5.0000E+01 
  5.9948E-10  1.9907E-01  1.1534E-07  7.0000E+00  5.0000E+01 
  7.7426E-09  1.9907E-01  1.4897E-06  7.0000E+00  5.0000E+01 
  1.0000E-07  1.9921E-01  2.0261E-04  7.0000E+00  5.0000E+01 
Rosseland and Planck opacities and free electrons 
 Density     Ross opa    Planck opa  No. Free    Av Sq Free  T=  2.5000E-01 
  1.0000E-17  1.9889E-01  3.6512E-10  7.0000E+00  5.0000E+01 
  1.2915E-16  1.9889E-01  3.6512E-10  7.0000E+00  5.0000E+01 
  1.6681E-15  1.9889E-01  3.6512E-10  7.0000E+00  5.0000E+01 
  2.1544E-14  1.9889E-01  3.6512E-10  7.0000E+00  5.0000E+01 
  2.7826E-13  1.9889E-01  3.6512E-10  7.0000E+00  5.0000E+01 
  3.5938E-12  1.9889E-01  4.8057E-10  7.0000E+00  5.0000E+01 
  4.6416E-11  1.9889E-01  6.2068E-09  7.0000E+00  5.0000E+01 
  5.9948E-10  1.9889E-01  8.0164E-08  7.0000E+00  5.0000E+01 
  7.7426E-09  1.9889E-01  1.0354E-06  7.0000E+00  5.0000E+01 
  1.0000E-07  1.9896E-01  1.0112E-04  7.0000E+00  5.0000E+01 
Rosseland and Planck opacities and free electrons 
 Density     Ross opa    Planck opa  No. Free    Av Sq Free  T=  2.7500E-01 
  1.0000E-17  1.9873E-01  3.0309E-10  7.0000E+00  5.0000E+01 
  1.2915E-16  1.9873E-01  3.0309E-10  7.0000E+00  5.0000E+01 
  1.6681E-15  1.9873E-01  3.0309E-10  7.0000E+00  5.0000E+01 
  2.1544E-14  1.9873E-01  3.0309E-10  7.0000E+00  5.0000E+01 
  2.7826E-13  1.9873E-01  3.0309E-10  7.0000E+00  5.0000E+01 
  3.5938E-12  1.9873E-01  3.4578E-10  7.0000E+00  5.0000E+01 
  4.6416E-11  1.9873E-01  4.4659E-09  7.0000E+00  5.0000E+01 
  5.9948E-10  1.9873E-01  5.7680E-08  7.0000E+00  5.0000E+01 
  7.7426E-09  1.9873E-01  7.4496E-07  7.0000E+00  5.0000E+01 
  1.0000E-07  1.9873E-01  9.6211E-06  7.0000E+00  5.0000E+01 
Rosseland and Planck opacities and free electrons 
 Density     Ross opa    Planck opa  No. Free    Av Sq Free  T=  3.0000E-01 
  1.0000E-17  1.9858E-01  2.5557E-10  7.0000E+00  5.0000E+01 
  1.2915E-16  1.9858E-01  2.5557E-10  7.0000E+00  5.0000E+01 
  1.6681E-15  1.9858E-01  2.5557E-10  7.0000E+00  5.0000E+01 
  2.1544E-14  1.9858E-01  2.5557E-10  7.0000E+00  5.0000E+01 
  2.7826E-13  1.9858E-01  2.5557E-10  7.0000E+00  5.0000E+01 
  3.5938E-12  1.9858E-01  2.5589E-10  7.0000E+00  5.0000E+01 
  4.6416E-11  1.9858E-01  3.3050E-09  7.0000E+00  5.0000E+01 
  5.9948E-10  1.9858E-01  4.2686E-08  7.0000E+00  5.0000E+01 
  7.7426E-09  1.9858E-01  5.5130E-07  7.0000E+00  5.0000E+01 
  1.0000E-07  1.9858E-01  7.1201E-06  7.0000E+00  5.0000E+01 
Rosseland and Planck opacities and free electrons 
 Density     Ross opa    Planck opa  No. Free    Av Sq Free  T=  3.5000E-01 
  1.0000E-17  1.9832E-01  1.8889E-10  7.0000E+00  5.0000E+01 
  1.2915E-16  1.9832E-01  1.8889E-10  7.0000E+00  5.0000E+01 
  1.6681E-15  1.9832E-01  1.8889E-10  7.0000E+00  5.0000E+01 
  2.1544E-14  1.9832E-01  1.8889E-10  7.0000E+00  5.0000E+01 
  2.7826E-13  1.9832E-01  1.8889E-10  7.0000E+00  5.0000E+01 
  3.5938E-12  1.9832E-01  1.8889E-10  7.0000E+00  5.0000E+01 
  4.6416E-11  1.9832E-01  1.9384E-09  7.0000E+00  5.0000E+01 
  5.9948E-10  1.9832E-01  2.5035E-08  7.0000E+00  5.0000E+01 
  7.7426E-09  1.9832E-01  3.2334E-07  7.0000E+00  5.0000E+01 
  1.0000E-07  1.9832E-01  4.1760E-06  7.0000E+00  5.0000E+01 
Rosseland and Planck opacities and free electrons 
 Density     Ross opa    Planck opa  No. Free    Av Sq Free  T=  4.0000E-01 
  1.0000E-17  1.9809E-01  1.4533E-10  7.0000E+00  5.0000E+01 
  1.2915E-16  1.9809E-01  1.4533E-10  7.0000E+00  5.0000E+01 
  1.6681E-15  1.9809E-01  1.4533E-10  7.0000E+00  5.0000E+01 
  2.1544E-14  1.9809E-01  1.4533E-10  7.0000E+00  5.0000E+01 
  2.7826E-13  1.9809E-01  1.4533E-10  7.0000E+00  5.0000E+01 
  3.5938E-12  1.9809E-01  1.4533E-10  7.0000E+00  5.0000E+01 
  4.6416E-11  1.9809E-01  1.2207E-09  7.0000E+00  5.0000E+01 
  5.9948E-10  1.9809E-01  1.5766E-08  7.0000E+00  5.0000E+01 
  7.7426E-09  1.9809E-01  2.0362E-07  7.0000E+00  5.0000E+01 
  1.0000E-07  1.9809E-01  2.6298E-06  7.0000E+00  5.0000E+01 
Rosseland and Planck opacities and free electrons 
 Density     Ross opa    Planck opa  No. Free    Av Sq Free  T=  4.5000E-01 
  1.0000E-17  1.9789E-01  1.1531E-10  7.0000E+00  5.0000E+01 
  1.2915E-16  1.9789E-01  1.1531E-10  7.0000E+00  5.0000E+01 
  1.6681E-15  1.9789E-01  1.1531E-10  7.0000E+00  5.0000E+01 
  2.1544E-14  1.9789E-01  1.1531E-10  7.0000E+00  5.0000E+01 
  2.7826E-13  1.9789E-01  1.1531E-10  7.0000E+00  5.0000E+01 
  3.5938E-12  1.9789E-01  1.1531E-10  7.0000E+00  5.0000E+01 
  4.6416E-11  1.9789E-01  8.1168E-10  7.0000E+00  5.0000E+01 
  5.9948E-10  1.9789E-01  1.0483E-08  7.0000E+00  5.0000E+01 
  7.7426E-09  1.9789E-01  1.3540E-07  7.0000E+00  5.0000E+01 
  1.0000E-07  1.9789E-01  1.7487E-06  7.0000E+00  5.0000E+01 
Rosseland and Planck opacities and free electrons 
 Density     Ross opa    Planck opa  No. Free    Av Sq Free  T=  5.0000E-01 
  1.0000E-17  1.9771E-01  9.3727E-11  7.0000E+00  5.0000E+01 
  1.2915E-16  1.9771E-01  9.3727E-11  7.0000E+00  5.0000E+01 
  1.6681E-15  1.9771E-01  9.3727E-11  7.0000E+00  5.0000E+01 
  2.1544E-14  1.9771E-01  9.3727E-11  7.0000E+00  5.0000E+01 
  2.7826E-13  1.9771E-01  9.3727E-11  7.0000E+00  5.0000E+01 
  3.5938E-12  1.9771E-01  9.3727E-11  7.0000E+00  5.0000E+01 
  4.6416E-11  1.9771E-01  5.6331E-10  7.0000E+00  5.0000E+01 
  5.9948E-10  1.9771E-01  7.2755E-09  7.0000E+00  5.0000E+01 
  7.7426E-09  1.9771E-01  9.3966E-08  7.0000E+00  5.0000E+01 
  1.0000E-07  1.9771E-01  1.2136E-06  7.0000E+00  5.0000E+01 
Rosseland and Planck opacities and free electrons 
 Density     Ross opa    Planck opa  No. Free    Av Sq Free  T=  5.5000E-01 
  1.0000E-17  1.9735E-01  7.7667E-11  7.0000E+00  5.0000E+01 
  1.2915E-16  1.9735E-01  7.7667E-11  7.0000E+00  5.0000E+01 
  1.6681E-15  1.9735E-01  7.7667E-11  7.0000E+00  5.0000E+01 
  2.1544E-14  1.9735E-01  7.7667E-11  7.0000E+00  5.0000E+01 
  2.7826E-13  1.9735E-01  7.7667E-11  7.0000E+00  5.0000E+01 
  3.5938E-12  1.9735E-01  7.7667E-11  7.0000E+00  5.0000E+01 
  4.6416E-11  1.9735E-01  4.0461E-10  7.0000E+00  5.0000E+01 
  5.9948E-10  1.9735E-01  5.2257E-09  7.0000E+00  5.0000E+01 
  7.7426E-09  1.9735E-01  6.7492E-08  7.0000E+00  5.0000E+01 
  1.0000E-07  1.9735E-01  8.7169E-07  7.0000E+00  5.0000E+01 
Rosseland and Planck opacities and free electrons 
 Density     Ross opa    Planck opa  No. Free    Av Sq Free  T=  6.0000E-01 
  1.0000E-17  1.9703E-01  6.5412E-11  7.0000E+00  5.0000E+01 
  1.2915E-16  1.9703E-01  6.5412E-11  7.0000E+00  5.0000E+01 
  1.6681E-15  1.9703E-01  6.5412E-11  7.0000E+00  5.0000E+01 
  2.1544E-14  1.9703E-01  6.5412E-11  7.0000E+00  5.0000E+01 
  2.7826E-13  1.9703E-01  6.5412E-11  7.0000E+00  5.0000E+01 
  3.5938E-12  1.9703E-01  6.5412E-11  7.0000E+00  5.0000E+01 
  4.6416E-11  1.9703E-01  2.9907E-10  7.0000E+00  5.0000E+01 
  5.9948E-10  1.9703E-01  3.8626E-09  7.0000E+00  5.0000E+01 
  7.7426E-09  1.9703E-01  4.9887E-08  7.0000E+00  5.0000E+01 
  1.0000E-07  1.9703E-01  6.4431E-07  7.0000E+00  5.0000E+01 
Rosseland and Planck opacities and free electrons 
 Density     Ross opa    Planck opa  No. Free    Av Sq Free  T=  6.5000E-01 
  1.0000E-17  1.9673E-01  5.5846E-11  7.0000E+00  5.0000E+01 
  1.2915E-16  1.9673E-01  5.5846E-11  7.0000E+00  5.0000E+01 
  1.6681E-15  1.9673E-01  5.5846E-11  7.0000E+00  5.0000E+01 
  2.1544E-14  1.9673E-01  5.5846E-11  7.0000E+00  5.0000E+01 
  2.7826E-13  1.9673E-01  5.5846E-11  7.0000E+00  5.0000E+01 
  3.5938E-12  1.9673E-01  5.5846E-11  7.0000E+00  5.0000E+01 
  4.6416E-11  1.9673E-01  2.2644E-10  7.0000E+00  5.0000E+01 
  5.9948E-10  1.9673E-01  2.9246E-09  7.0000E+00  5.0000E+01 
  7.7426E-09  1.9673E-01  3.7773E-08  7.0000E+00  5.0000E+01 
  1.0000E-07  1.9673E-01  4.8785E-07  7.0000E+00  5.0000E+01 
Rosseland and Planck opacities and free electrons 
 Density     Ross opa    Planck opa  No. Free    Av Sq Free  T=  7.0000E-01 
  1.0000E-17  1.9646E-01  4.8236E-11  7.0000E+00  5.0000E+01 
  1.2915E-16  1.9646E-01  4.8236E-11  7.0000E+00  5.0000E+01 
  1.6681E-15  1.9646E-01  4.8236E-11  7.0000E+00  5.0000E+01 
  2.1544E-14  1.9646E-01  4.8236E-11  7.0000E+00  5.0000E+01 
  2.7826E-13  1.9646E-01  4.8236E-11  7.0000E+00  5.0000E+01 
  3.5938E-12  1.9646E-01  4.8236E-11  7.0000E+00  5.0000E+01 
  4.6416E-11  1.9646E-01  1.7501E-10  7.0000E+00  5.0000E+01 
  5.9948E-10  1.9646E-01  2.2603E-09  7.0000E+00  5.0000E+01 
  7.7426E-09  1.9646E-01  2.9193E-08  7.0000E+00  5.0000E+01 
  1.0000E-07  1.9646E-01  3.7704E-07  7.0000E+00  5.0000E+01 
Rosseland and Planck opacities and free electrons 
 Density     Ross opa    Planck opa  No. Free    Av Sq Free  T=  8.0000E-01 
  1.0000E-17  1.9596E-01  3.7036E-11  7.0000E+00  5.0000E+01 
  1.2915E-16  1.9596E-01  3.7036E-11  7.0000E+00  5.0000E+01 
  1.6681E-15  1.9596E-01  3.7036E-11  7.0000E+00  5.0000E+01 
  2.1544E-14  1.9596E-01  3.7036E-11  7.0000E+00  5.0000E+01 
  2.7826E-13  1.9596E-01  3.7036E-11  7.0000E+00  5.0000E+01 
  3.5938E-12  1.9596E-01  3.7036E-11  7.0000E+00  5.0000E+01 
  4.6416E-11  1.9596E-01  1.0998E-10  7.0000E+00  5.0000E+01 
  5.9948E-10  1.9596E-01  1.4205E-09  7.0000E+00  5.0000E+01 
  7.7426E-09  1.9596E-01  1.8346E-08  7.0000E+00  5.0000E+01 
  1.0000E-07  1.9596E-01  2.3695E-07  7.0000E+00  5.0000E+01 
Rosseland and Planck opacities and free electrons 
 Density     Ross opa    Planck opa  No. Free    Av Sq Free  T=  9.0000E-01 
  1.0000E-17  1.9553E-01  2.9321E-11  7.0000E+00  5.0000E+01 
  1.2915E-16  1.9553E-01  2.9321E-11  7.0000E+00  5.0000E+01 
  1.6681E-15  1.9553E-01  2.9321E-11  7.0000E+00  5.0000E+01 
  2.1544E-14  1.9553E-01  2.9321E-11  7.0000E+00  5.0000E+01 
  2.7826E-13  1.9553E-01  2.9321E-11  7.0000E+00  5.0000E+01 
  3.5938E-12  1.9553E-01  2.9321E-11  7.0000E+00  5.0000E+01 
  4.6416E-11  1.9553E-01  7.2972E-11  7.0000E+00  5.0000E+01 
  5.9948E-10  1.9553E-01  9.4247E-10  7.0000E+00  5.0000E+01 
  7.7426E-09  1.9553E-01  1.2172E-08  7.0000E+00  5.0000E+01 
  1.0000E-07  1.9553E-01  1.5721E-07  7.0000E+00  5.0000E+01 
Rosseland and Planck opacities and free electrons 
 Density     Ross opa    Planck opa  No. Free    Av Sq Free  T=  1.0000E+00 
  1.0000E-17  1.9514E-01  2.3771E-11  7.0000E+00  5.0000E+01 
  1.2915E-16  1.9514E-01  2.3771E-11  7.0000E+00  5.0000E+01 
  1.6681E-15  1.9514E-01  2.3771E-11  7.0000E+00  5.0000E+01 
  2.1544E-14  1.9514E-01  2.3771E-11  7.0000E+00  5.0000E+01 
  2.7826E-13  1.9514E-01  2.3771E-11  7.0000E+00  5.0000E+01 
  3.5938E-12  1.9514E-01  2.3771E-11  7.0000E+00  5.0000E+01 
  4.6416E-11  1.9514E-01  5.0511E-11  7.0000E+00  5.0000E+01 
  5.9948E-10  1.9514E-01  6.5237E-10  7.0000E+00  5.0000E+01 
  7.7426E-09  1.9514E-01  8.4256E-09  7.0000E+00  5.0000E+01 
  1.0000E-07  1.9514E-01  1.0882E-07  7.0000E+00  5.0000E+01 
Rosseland and Planck opacities and free electrons 
 Density     Ross opa    Planck opa  No. Free    Av Sq Free  T=  1.1250E+00 
  1.0000E-17  1.9441E-01  1.8792E-11  7.0000E+00  5.0000E+01 
  1.2915E-16  1.9441E-01  1.8792E-11  7.0000E+00  5.0000E+01 
  1.6681E-15  1.9441E-01  1.8792E-11  7.0000E+00  5.0000E+01 
  2.1544E-14  1.9441E-01  1.8792E-11  7.0000E+00  5.0000E+01 
  2.7826E-13  1.9441E-01  1.8792E-11  7.0000E+00  5.0000E+01 
  3.5938E-12  1.9441E-01  1.8792E-11  7.0000E+00  5.0000E+01 
  4.6416E-11  1.9441E-01  3.3465E-11  7.0000E+00  5.0000E+01 
  5.9948E-10  1.9441E-01  4.3222E-10  7.0000E+00  5.0000E+01 
  7.7426E-09  1.9441E-01  5.5823E-09  7.0000E+00  5.0000E+01 
  1.0000E-07  1.9441E-01  7.2098E-08  7.0000E+00  5.0000E+01 
Rosseland and Planck opacities and free electrons 
 Density     Ross opa    Planck opa  No. Free    Av Sq Free  T=  1.2500E+00 
  1.0000E-17  1.9375E-01  1.5224E-11  7.0000E+00  5.0000E+01 
  1.2915E-16  1.9375E-01  1.5224E-11  7.0000E+00  5.0000E+01 
  1.6681E-15  1.9375E-01  1.5224E-11  7.0000E+00  5.0000E+01 
  2.1544E-14  1.9375E-01  1.5224E-11  7.0000E+00  5.0000E+01 
  2.7826E-13  1.9375E-01  1.5224E-11  7.0000E+00  5.0000E+01 
  3.5938E-12  1.9375E-01  1.5224E-11  7.0000E+00  5.0000E+01 
  4.6416E-11  1.9375E-01  2.3147E-11  7.0000E+00  5.0000E+01 
  5.9948E-10  1.9375E-01  2.9896E-10  7.0000E+00  5.0000E+01 
  7.7426E-09  1.9375E-01  3.8612E-09  7.0000E+00  5.0000E+01 
  1.0000E-07  1.9375E-01  4.9869E-08  7.0000E+00  5.0000E+01 
Rosseland and Planck opacities and free electrons 
 Density     Ross opa    Planck opa  No. Free    Av Sq Free  T=  1.3750E+00 
  1.0000E-17  1.9317E-01  1.2579E-11  7.0000E+00  5.0000E+01 
  1.2915E-16  1.9317E-01  1.2579E-11  7.0000E+00  5.0000E+01 
  1.6681E-15  1.9317E-01  1.2579E-11  7.0000E+00  5.0000E+01 
  2.1544E-14  1.9317E-01  1.2579E-11  7.0000E+00  5.0000E+01 
  2.7826E-13  1.9317E-01  1.2579E-11  7.0000E+00  5.0000E+01 
  3.5938E-12  1.9317E-01  1.2579E-11  7.0000E+00  5.0000E+01 
  4.6416E-11  1.9317E-01  1.6578E-11  7.0000E+00  5.0000E+01 
  5.9948E-10  1.9317E-01  2.1412E-10  7.0000E+00  5.0000E+01 
  7.7426E-09  1.9317E-01  2.7654E-09  7.0000E+00  5.0000E+01 
  1.0000E-07  1.9317E-01  3.5717E-08  7.0000E+00  5.0000E+01 
Rosseland and Planck opacities and free electrons 
 Density     Ross opa    Planck opa  No. Free    Av Sq Free  T=  1.5000E+00 
  1.0000E-17  1.9263E-01  1.0566E-11  7.0000E+00  5.0000E+01 
  1.2915E-16  1.9263E-01  1.0566E-11  7.0000E+00  5.0000E+01 
  1.6681E-15  1.9263E-01  1.0566E-11  7.0000E+00  5.0000E+01 
  2.1544E-14  1.9263E-01  1.0566E-11  7.0000E+00  5.0000E+01 
  2.7826E-13  1.9263E-01  1.0566E-11  7.0000E+00  5.0000E+01 
  3.5938E-12  1.9263E-01  1.0566E-11  7.0000E+00  5.0000E+01 
  4.6416E-11  1.9263E-01  1.2221E-11  7.0000E+00  5.0000E+01 
  5.9948E-10  1.9263E-01  1.5784E-10  7.0000E+00  5.0000E+01 
  7.7426E-09  1.9263E-01  2.0386E-09  7.0000E+00  5.0000E+01 
  1.0000E-07  1.9263E-01  2.6329E-08  7.0000E+00  5.0000E+01 
Rosseland and Planck opacities and free electrons 
 Density     Ross opa    Planck opa  No. Free    Av Sq Free  T=  1.6250E+00 
  1.0000E-17  1.9195E-01  8.9974E-12  7.0000E+00  5.0000E+01 
  1.2915E-16  1.9195E-01  8.9974E-12  7.0000E+00  5.0000E+01 
  1.6681E-15  1.9195E-01  8.9974E-12  7.0000E+00  5.0000E+01 
  2.1544E-14  1.9195E-01  8.9974E-12  7.0000E+00  5.0000E+01 
  2.7826E-13  1.9195E-01  8.9974E-12  7.0000E+00  5.0000E+01 
  3.5938E-12  1.9195E-01  8.9974E-12  7.0000E+00  5.0000E+01 
  4.6416E-11  1.9195E-01  9.2295E-12  7.0000E+00  5.0000E+01 
  5.9948E-10  1.9195E-01  1.1920E-10  7.0000E+00  5.0000E+01 
  7.7426E-09  1.9195E-01  1.5396E-09  7.0000E+00  5.0000E+01 
  1.0000E-07  1.9195E-01  1.9884E-08  7.0000E+00  5.0000E+01 
Rosseland and Planck opacities and free electrons 
 Density     Ross opa    Planck opa  No. Free    Av Sq Free  T=  1.7500E+00 
  1.0000E-17  1.9132E-01  7.7522E-12  7.0000E+00  5.0000E+01 
  1.2915E-16  1.9132E-01  7.7522E-12  7.0000E+00  5.0000E+01 
  1.6681E-15  1.9132E-01  7.7522E-12  7.0000E+00  5.0000E+01 
  2.1544E-14  1.9132E-01  7.7522E-12  7.0000E+00  5.0000E+01 
  2.7826E-13  1.9132E-01  7.7522E-12  7.0000E+00  5.0000E+01 
  3.5938E-12  1.9132E-01  7.7522E-12  7.0000E+00  5.0000E+01 
  4.6416E-11  1.9132E-01  7.7522E-12  7.0000E+00  5.0000E+01 
  5.9948E-10  1.9132E-01  9.1901E-11  7.0000E+00  5.0000E+01 
  7.7426E-09  1.9132E-01  1.1870E-09  7.0000E+00  5.0000E+01 
  1.0000E-07  1.9132E-01  1.5330E-08  7.0000E+00  5.0000E+01 
Rosseland and Planck opacities and free electrons 
 Density     Ross opa    Planck opa  No. Free    Av Sq Free  T=  1.8750E+00 
  1.0000E-17  1.9074E-01  6.7474E-12  7.0000E+00  5.0000E+01 
  1.2915E-16  1.9074E-01  6.7474E-12  7.0000E+00  5.0000E+01 
  1.6681E-15  1.9074E-01  6.7474E-12  7.0000E+00  5.0000E+01 
  2.1544E-14  1.9074E-01  6.7474E-12  7.0000E+00  5.0000E+01 
  2.7826E-13  1.9074E-01  6.7474E-12  7.0000E+00  5.0000E+01 
  3.5938E-12  1.9074E-01  6.7474E-12  7.0000E+00  5.0000E+01 
  4.6416E-11  1.9074E-01  6.7474E-12  7.0000E+00  5.0000E+01 
  5.9948E-10  1.9074E-01  7.2125E-11  7.0000E+00  5.0000E+01 
  7.7426E-09  1.9074E-01  9.3153E-10  7.0000E+00  5.0000E+01 
  1.0000E-07  1.9074E-01  1.2031E-08  7.0000E+00  5.0000E+01 
Rosseland and Planck opacities and free electrons 
 Density     Ross opa    Planck opa  No. Free    Av Sq Free  T=  2.0000E+00 
  1.0000E-17  1.9019E-01  5.9248E-12  7.0000E+00  5.0000E+01 
  1.2915E-16  1.9019E-01  5.9248E-12  7.0000E+00  5.0000E+01 
  1.6681E-15  1.9019E-01  5.9248E-12  7.0000E+00  5.0000E+01 
  2.1544E-14  1.9019E-01  5.9248E-12  7.0000E+00  5.0000E+01 
  2.7826E-13  1.9019E-01  5.9248E-12  7.0000E+00  5.0000E+01 
  3.5938E-12  1.9019E-01  5.9248E-12  7.0000E+00  5.0000E+01 
  4.6416E-11  1.9019E-01  5.9248E-12  7.0000E+00  5.0000E+01 
  5.9948E-10  1.9019E-01  5.7488E-11  7.0000E+00  5.0000E+01 
  7.7426E-09  1.9019E-01  7.4249E-10  7.0000E+00  5.0000E+01 
  1.0000E-07  1.9019E-01  9.5896E-09  7.0000E+00  5.0000E+01 
Rosseland and Planck opacities and free electrons 
 Density     Ross opa    Planck opa  No. Free    Av Sq Free  T=  2.1250E+00 
  1.0000E-17  1.8937E-01  5.2431E-12  7.0000E+00  5.0000E+01 
  1.2915E-16  1.8937E-01  5.2431E-12  7.0000E+00  5.0000E+01 
  1.6681E-15  1.8937E-01  5.2431E-12  7.0000E+00  5.0000E+01 
  2.1544E-14  1.8937E-01  5.2431E-12  7.0000E+00  5.0000E+01 
  2.7826E-13  1.8937E-01  5.2431E-12  7.0000E+00  5.0000E+01 
  3.5938E-12  1.8937E-01  5.2431E-12  7.0000E+00  5.0000E+01 
  4.6416E-11  1.8937E-01  5.2431E-12  7.0000E+00  5.0000E+01 
  5.9948E-10  1.8937E-01  4.6451E-11  7.0000E+00  5.0000E+01 
  7.7426E-09  1.8937E-01  5.9994E-10  7.0000E+00  5.0000E+01 
  1.0000E-07  1.8937E-01  7.7485E-09  7.0000E+00  5.0000E+01 
Rosseland and Planck opacities and free electrons 
 Density     Ross opa    Planck opa  No. Free    Av Sq Free  T=  2.2500E+00 
  1.0000E-17  1.8860E-01  4.6718E-12  7.0000E+00  5.0000E+01 
  1.2915E-16  1.8860E-01  4.6718E-12  7.0000E+00  5.0000E+01 
  1.6681E-15  1.8860E-01  4.6718E-12  7.0000E+00  5.0000E+01 
  2.1544E-14  1.8860E-01  4.6718E-12  7.0000E+00  5.0000E+01 
  2.7826E-13  1.8860E-01  4.6718E-12  7.0000E+00  5.0000E+01 
  3.5938E-12  1.8860E-01  4.6718E-12  7.0000E+00  5.0000E+01 
  4.6416E-11  1.8860E-01  4.6718E-12  7.0000E+00  5.0000E+01 
  5.9948E-10  1.8860E-01  3.7989E-11  7.0000E+00  5.0000E+01 
  7.7426E-09  1.8860E-01  4.9065E-10  7.0000E+00  5.0000E+01 
  1.0000E-07  1.8860E-01  6.3370E-09  7.0000E+00  5.0000E+01 
Rosseland and Planck opacities and free electrons 
 Density     Ross opa    Planck opa  No. Free    Av Sq Free  T=  2.3750E+00 
  1.0000E-17  1.8787E-01  4.1884E-12  7.0000E+00  5.0000E+01 
  1.2915E-16  1.8787E-01  4.1884E-12  7.0000E+00  5.0000E+01 
  1.6681E-15  1.8787E-01  4.1884E-12  7.0000E+00  5.0000E+01 
  2.1544E-14  1.8787E-01  4.1884E-12  7.0000E+00  5.0000E+01 
  2.7826E-13  1.8787E-01  4.1884E-12  7.0000E+00  5.0000E+01 
  3.5938E-12  1.8787E-01  4.1884E-12  7.0000E+00  5.0000E+01 
  4.6416E-11  1.8787E-01  4.1884E-12  7.0000E+00  5.0000E+01 
  5.9948E-10  1.8787E-01  3.1406E-11  7.0000E+00  5.0000E+01 
  7.7426E-09  1.8787E-01  4.0562E-10  7.0000E+00  5.0000E+01 
  1.0000E-07  1.8787E-01  5.2388E-09  7.0000E+00  5.0000E+01 
Rosseland and Planck opacities and free electrons 
 Density     Ross opa    Planck opa  No. Free    Av Sq Free  T=  2.5000E+00 
  1.0000E-17  1.8718E-01  3.7759E-12  7.0000E+00  5.0000E+01 
  1.2915E-16  1.8718E-01  3.7759E-12  7.0000E+00  5.0000E+01 
  1.6681E-15  1.8718E-01  3.7759E-12  7.0000E+00  5.0000E+01 
  2.1544E-14  1.8718E-01  3.7759E-12  7.0000E+00  5.0000E+01 
  2.7826E-13  1.8718E-01  3.7759E-12  7.0000E+00  5.0000E+01 
  3.5938E-12  1.8718E-01  3.7759E-12  7.0000E+00  5.0000E+01 
  4.6416E-11  1.8718E-01  3.7759E-12  7.0000E+00  5.0000E+01 
  5.9948E-10  1.8718E-01  2.6215E-11  7.0000E+00  5.0000E+01 
  7.7426E-09  1.8718E-01  3.3859E-10  7.0000E+00  5.0000E+01 
  1.0000E-07  1.8718E-01  4.3730E-09  7.0000E+00  5.0000E+01 
Rosseland and Planck opacities and free electrons 
 Density     Ross opa    Planck opa  No. Free    Av Sq Free  T=  2.6250E+00 
  1.0000E-17  1.8653E-01  3.4209E-12  7.0000E+00  5.0000E+01 
  1.2915E-16  1.8653E-01  3.4209E-12  7.0000E+00  5.0000E+01 
  1.6681E-15  1.8653E-01  3.4209E-12  7.0000E+00  5.0000E+01 
  2.1544E-14  1.8653E-01  3.4209E-12  7.0000E+00  5.0000E+01 
  2.7826E-13  1.8653E-01  3.4209E-12  7.0000E+00  5.0000E+01 
  3.5938E-12  1.8653E-01  3.4209E-12  7.0000E+00  5.0000E+01 
  4.6416E-11  1.8653E-01  3.4209E-12  7.0000E+00  5.0000E+01 
  5.9948E-10  1.8653E-01  2.2075E-11  7.0000E+00  5.0000E+01 
  7.7426E-09  1.8653E-01  2.8511E-10  7.0000E+00  5.0000E+01 
  1.0000E-07  1.8653E-01  3.6823E-09  7.0000E+00  5.0000E+01 
Rosseland and Planck opacities and free electrons 
 Density     Ross opa    Planck opa  No. Free    Av Sq Free  T=  2.7500E+00 
  1.0000E-17  1.8591E-01  3.1134E-12  7.0000E+00  5.0000E+01 
  1.2915E-16  1.8591E-01  3.1134E-12  7.0000E+00  5.0000E+01 
  1.6681E-15  1.8591E-01  3.1134E-12  7.0000E+00  5.0000E+01 
  2.1544E-14  1.8591E-01  3.1134E-12  7.0000E+00  5.0000E+01 
  2.7826E-13  1.8591E-01  3.1134E-12  7.0000E+00  5.0000E+01 
  3.5938E-12  1.8591E-01  3.1134E-12  7.0000E+00  5.0000E+01 
  4.6416E-11  1.8591E-01  3.1134E-12  7.0000E+00  5.0000E+01 
  5.9948E-10  1.8591E-01  1.8736E-11  7.0000E+00  5.0000E+01 
  7.7426E-09  1.8591E-01  2.4199E-10  7.0000E+00  5.0000E+01 
  1.0000E-07  1.8591E-01  3.1254E-09  7.0000E+00  5.0000E+01 
Rosseland and Planck opacities and free electrons 
 Density     Ross opa    Planck opa  No. Free    Av Sq Free  T=  3.0000E+00 
  1.0000E-17  1.8475E-01  2.6099E-12  7.0000E+00  5.0000E+01 
  1.2915E-16  1.8475E-01  2.6099E-12  7.0000E+00  5.0000E+01 
  1.6681E-15  1.8475E-01  2.6099E-12  7.0000E+00  5.0000E+01 
  2.1544E-14  1.8475E-01  2.6099E-12  7.0000E+00  5.0000E+01 
  2.7826E-13  1.8475E-01  2.6099E-12  7.0000E+00  5.0000E+01 
  3.5938E-12  1.8475E-01  2.6099E-12  7.0000E+00  5.0000E+01 
  4.6416E-11  1.8475E-01  2.6099E-12  7.0000E+00  5.0000E+01 
  5.9948E-10  1.8475E-01  1.3784E-11  7.0000E+00  5.0000E+01 
  7.7426E-09  1.8475E-01  1.7803E-10  7.0000E+00  5.0000E+01 
  1.0000E-07  1.8475E-01  2.2994E-09  7.0000E+00  5.0000E+01 
Rosseland and Planck opacities and free electrons 
 Density     Ross opa    Planck opa  No. Free    Av Sq Free  T=  3.5000E+00 
  1.0000E-17  1.8271E-01  1.9082E-12  7.0000E+00  5.0000E+01 
  1.2915E-16  1.8271E-01  1.9082E-12  7.0000E+00  5.0000E+01 
  1.6681E-15  1.8271E-01  1.9082E-12  7.0000E+00  5.0000E+01 
  2.1544E-14  1.8271E-01  1.9082E-12  7.0000E+00  5.0000E+01 
  2.7826E-13  1.8271E-01  1.9082E-12  7.0000E+00  5.0000E+01 
  3.5938E-12  1.8271E-01  1.9082E-12  7.0000E+00  5.0000E+01 
  4.6416E-11  1.8271E-01  1.9082E-12  7.0000E+00  5.0000E+01 
  5.9948E-10  1.8271E-01  7.9978E-12  7.0000E+00  5.0000E+01 
  7.7426E-09  1.8271E-01  1.0330E-10  7.0000E+00  5.0000E+01 
  1.0000E-07  1.8271E-01  1.3341E-09  7.0000E+00  5.0000E+01 
Rosseland and Planck opacities and free electrons 
 Density     Ross opa    Planck opa  No. Free    Av Sq Free  T=  4.0000E+00 
  1.0000E-17  1.8096E-01  1.4539E-12  7.0000E+00  5.0000E+01 
  1.2915E-16  1.8096E-01  1.4539E-12  7.0000E+00  5.0000E+01 
  1.6681E-15  1.8096E-01  1.4539E-12  7.0000E+00  5.0000E+01 
  2.1544E-14  1.8096E-01  1.4539E-12  7.0000E+00  5.0000E+01 
  2.7826E-13  1.8096E-01  1.4539E-12  7.0000E+00  5.0000E+01 
  3.5938E-12  1.8096E-01  1.4539E-12  7.0000E+00  5.0000E+01 
  4.6416E-11  1.8096E-01  1.4539E-12  7.0000E+00  5.0000E+01 
  5.9948E-10  1.8096E-01  4.9876E-12  7.0000E+00  5.0000E+01 
  7.7426E-09  1.8096E-01  6.4418E-11  7.0000E+00  5.0000E+01 
  1.0000E-07  1.8096E-01  8.3199E-10  7.0000E+00  5.0000E+01 
Rosseland and Planck opacities and free electrons 
 Density     Ross opa    Planck opa  No. Free    Av Sq Free  T=  5.0000E+00 
  1.0000E-17  1.7628E-01  9.2180E-13  7.0000E+00  5.0000E+01 
  1.2915E-16  1.7628E-01  9.2180E-13  7.0000E+00  5.0000E+01 
  1.6681E-15  1.7628E-01  9.2180E-13  7.0000E+00  5.0000E+01 
  2.1544E-14  1.7628E-01  9.2180E-13  7.0000E+00  5.0000E+01 
  2.7826E-13  1.7628E-01  9.2180E-13  7.0000E+00  5.0000E+01 
  3.5938E-12  1.7628E-01  9.2180E-13  7.0000E+00  5.0000E+01 
  4.6416E-11  1.7628E-01  9.2180E-13  7.0000E+00  5.0000E+01 
  5.9948E-10  1.7628E-01  2.2627E-12  7.0000E+00  5.0000E+01 
  7.7426E-09  1.7628E-01  2.9224E-11  7.0000E+00  5.0000E+01 
  1.0000E-07  1.7628E-01  3.7745E-10  7.0000E+00  5.0000E+01 
Rosseland and Planck opacities and free electrons 
 Density     Ross opa    Planck opa  No. Free    Av Sq Free  T=  6.0000E+00 
  1.0000E-17  1.7254E-01  6.3499E-13  7.0000E+00  5.0000E+01 
  1.2915E-16  1.7254E-01  6.3499E-13  7.0000E+00  5.0000E+01 
  1.6681E-15  1.7254E-01  6.3499E-13  7.0000E+00  5.0000E+01 
  2.1544E-14  1.7254E-01  6.3499E-13  7.0000E+00  5.0000E+01 
  2.7826E-13  1.7254E-01  6.3499E-13  7.0000E+00  5.0000E+01 
  3.5938E-12  1.7254E-01  6.3499E-13  7.0000E+00  5.0000E+01 
  4.6416E-11  1.7254E-01  6.3499E-13  7.0000E+00  5.0000E+01 
  5.9948E-10  1.7254E-01  1.1858E-12  7.0000E+00  5.0000E+01 
  7.7426E-09  1.7254E-01  1.5315E-11  7.0000E+00  5.0000E+01 
  1.0000E-07  1.7254E-01  1.9780E-10  7.0000E+00  5.0000E+01 
Rosseland and Planck opacities and free electrons 
 Density     Ross opa    Planck opa  No. Free    Av Sq Free  T=  8.0000E+00 
  1.0000E-17  1.6448E-01  3.5199E-13  7.0000E+00  5.0000E+01 
  1.2915E-16  1.6448E-01  3.5199E-13  7.0000E+00  5.0000E+01 
  1.6681E-15  1.6448E-01  3.5199E-13  7.0000E+00  5.0000E+01 
  2.1544E-14  1.6448E-01  3.5199E-13  7.0000E+00  5.0000E+01 
  2.7826E-13  1.6448E-01  3.5199E-13  7.0000E+00  5.0000E+01 
  3.5938E-12  1.6448E-01  3.5199E-13  7.0000E+00  5.0000E+01 
  4.6416E-11  1.6448E-01  3.5199E-13  7.0000E+00  5.0000E+01 
  5.9948E-10  1.6448E-01  4.2692E-13  7.0000E+00  5.0000E+01 
  7.7426E-09  1.6448E-01  5.5139E-12  7.0000E+00  5.0000E+01 
  1.0000E-07  1.6448E-01  7.1215E-11  7.0000E+00  5.0000E+01 
Rosseland and Planck opacities and free electrons 
 Density     Ross opa    Planck opa  No. Free    Av Sq Free  T=  1.0000E+01 
  1.0000E-17  1.5738E-01  2.2264E-13  7.0000E+00  5.0000E+01 
  1.2915E-16  1.5738E-01  2.2264E-13  7.0000E+00  5.0000E+01 
  1.6681E-15  1.5738E-01  2.2264E-13  7.0000E+00  5.0000E+01 
  2.1544E-14  1.5738E-01  2.2264E-13  7.0000E+00  5.0000E+01 
  2.7826E-13  1.5738E-01  2.2264E-13  7.0000E+00  5.0000E+01 
  3.5938E-12  1.5738E-01  2.2264E-13  7.0000E+00  5.0000E+01 
  4.6416E-11  1.5738E-01  2.2264E-13  7.0000E+00  5.0000E+01 
  5.9948E-10  1.5738E-01  2.2264E-13  7.0000E+00  5.0000E+01 
  7.7426E-09  1.5738E-01  2.4956E-12  7.0000E+00  5.0000E+01 
  1.0000E-07  1.5738E-01  3.2232E-11  7.0000E+00  5.0000E+01